Jacques Villeneuve
David Coulthard
Heinz-Harald Frentzen
Giancarlo Fisichella
Ralf Schumacher
Michael Schumacher
Damon Hill
Johnny Herbert
Gianni Morbidelli
Gerhard Berger
Ukyo Katayama
Jos Verstappen
Pedro Diniz
Rubens Barrichello
Jarno Trulli
Jan Magnussen
Shinji Nakano
Mika Salo
Eddie Irvine
Jean Alesi
Mika Hakkinen